Sat	1	2	3	4	5	6	7	8	9	10	11	12	13	14	15	16	17	18	19	20	21	22	23	24	
5/31/2023	84,08	76,93	76,02	82,96	82,04	84,82	99,67	108,12	95,6	91,19	85,72	70,22	68,47	56,95	54,22	57,95	77,98	104,86	103,4	117,24	141,14	113,84	105,57	97,19	
5/30/2023	86,13	80,85	70,67	75,6	75,31	87,27	105,51	114,49	113,14	120	106,03	90,54	79,55	62,39	87,23	107,66	108,74	100,6	116,75	141,22	152,14	131,75	120	90,27	
5/29/2023	20,8	27,7	27,97	26,34	14,86	37,61	35,76	41,9	30,41	7,83	22,56	38,37	27,68	7,92	8,19	34,03	26,77	92,68	106,25	98,17	121,21	102,76	88,93	77,16	
5/28/2023	80,22	69,7	69,6	63,39	63,78	63,03	56,34	19,33	13,73	-7,73	1,3	-13,03	-26,86	-39,53	-44,02	-47,71	-6,02	0,32	55,69	70,11	71,52	72,95	71,26	58,2	
5/27/2023	79,85	79,62	75,93	74,66	76,08	68,76	66,1	61,87	58,63	57,06	17,35	1,53	-38,82	-6,68	-10,17	-2,41	-0,35	44,92	88,74	92,22	130,66	104,19	93,79	85,8	
5/26/2023	78,87	62,42	54,14	51,28	51,44	75,06	92,78	89,56	94,02	44,66	45,49	35,53	19,76	16,1	12,84	27,97	40,57	79,4	85,69	98,83	115,81	108,98	96,74	85,16	
5/25/2023	95,04	85,17	86,5	77,9	80,95	86,79	105,49	105,97	97,72	76,01	63,08	53,52	47,64	35,87	64,59	41,22	66,47	83,35	102,36	119,15	118,62	126,76	103,66	90,44	
5/24/2023	95,76	86,89	78,94	68,45	75,52	56,68	110,27	118,68	127,32	113,19	91,22	85,13	86,57	93,26	82,15	77,28	87,62	106,48	112,46	129,85	147,01	143,66	108,75	102,47	
5/23/2023	62,52	69,11	65,46	56,12	32,39	94,96	118,69	119,22	81,73	79,93	75,76	64,13	49,4	59,22	57,89	80,8	95,07	103,95	117,14	147,01	157,31	124,37	107,3	101	
5/22/2023	87,43	84,85	80,1	78,37	79,89	89,31	91,31	103,86	89,8	89,93	97,22	66,9	85,2	44,05	58,15	64,32	73,48	101,02	113,93	132,3	157,86	128,11	110,9	94,2	
5/21/2023	55,16	50,52	31,52	18,86	13,38	13,38	20,68	32,83	13,42	-0,33	6,72	-3,7	-5,85	-21,27	-12,13	-9,55	-0,83	12,22	49,43	97,88	99,7	101,85	100,41	98,98	
5/20/2023	69,8	69,28	37,29	35,25	37,02	46,31	52,55	53,12	48,12	14,21	4,03	28,36	2,72	-4,4	-3,41	-3,76	10,3	51,1	61,55	71,76	66,37	68,82	70,26	62,5	
5/19/2023	64,3	63,55	65,02	63,31	65	66,37	72,92	80,13	83,5	80,4	65,56	59,62	54,17	50,6	48	51,41	54,74	71,33	79,68	94,34	107,06	98,1	77	65,43	
5/18/2023	76,49	69,34	68,12	67,98	72,9	74,22	73,38	98,4	110,12	107,41	104,75	95,71	75,62	51,55	31,08	46,96	68,25	77,57	120,03	127,43	159,77	99,1	89,57	77,08	
5/17/2023	65,19	57,41	52,45	54,62	46,25	44,38	93,71	95,42	91,98	97,37	76,31	74,73	70,7	65,1	62,71	43,61	73,43	83,17	100,95	97,5	93,98	80,36	89,3	68,67	
5/16/2023	111,82	95,52	93,46	97,32	94,56	111,07	133,18	154,36	162,04	144,46	135,25	139,31	105,84	114,63	112,41	126,54	111,67	112,09	118,81	125,73	128,35	127,22	108,39	105,8	
5/15/2023	111,82	95,52	93,46	97,32	94,56	111,07	133,18	154,36	162,04	144,46	135,25	139,31	105,84	114,63	112,41	126,54	111,67	112,09	118,81	125,73	128,35	127,22	108,39	105,8	
5/14/2023	110,63	109,23	96,72	95,78	92,52	94,43	81,32	75,42	71,74	56,73	30,86	17,89	25,41	17,16	13,41	21,9	41,25	88,26	105,82	110,08	116,26	120,1	114,58	109,7	
5/13/2023	102,65	106,31	99,22	102,15	101,59	103,44	99,57	101,97	96,67	90,3	73,07	40,21	35,75	24,2	12,15	19,08	42,4	84,19	99,44	107,57	112,36	111,52	106,68	103,37	
5/12/2023	104,71	95,94	95,5	93,41	95,63	104,47	122,67	130,89	138,41	119,23	107,46	109,53	92,71	84,71	84,43	84,88	89,59	101,13	143,06	147,69	147,88	119,92	103,73	97,19	
5/11/2023	102,06	98,26	95,91	91,89	95,32	103,37	118	153,81	162,08	129,32	109,95	103,91	99,48	94,02	91,88	98,34	106,42	113,52	139,66	154,67	190,78	142,91	114,02	103,83	
5/10/2023	96,56	92,41	91,17	80,76	90,37	91,84	112,24	131,74	141,91	128,52	106,2	89,84	108,51	110,81	96,07	100,66	108,84	112,86	132,11	150,25	231,29	146,4	130,36	108,05	
5/9/2023	101,85	93,78	92,99	90,04	89,38	95,42	118,44	116,39	133,65	117,63	98,6	97,84	93,23	94,06	95,88	87,94	88,51	102,8	127,94	134,44	145,73	122,95	109,36	94,82	
5/8/2023	98,88	88,97	87,57	87,9	90,88	93,38	103,81	109,14	109,25	98,83	84,1	77,22	74,14	78,97	80,38	79,05	88,08	94,78	109,89	133,22	153,32	127,47	110,75	100,43	
5/7/2023	101,18	91,62	87,53	84,89	86,29	83,61	83,06	84,64	82,34	58,46	35,67	15,38	16,42	15,29	15,9	35,87	44,02	73,15	91,41	104,65	110,69	116,35	107,77	95,58	
5/6/2023	93,79	89,6	87,37	88,37	85,54	89,85	108,19	116,13	112,51	96,63	89,32	74,07	86,95	74,2	81,14	84,01	95,28	91,73	107,71	116,55	123,85	114,66	106,64	102,9	
5/5/2023	93,79	89,6	87,37	88,37	85,54	89,85	108,19	116,13	112,51	96,63	89,32	74,07	86,95	74,2	81,14	84,01	95,28	91,73	107,71	116,55	123,85	114,66	106,64	102,9	
5/4/2023	97,17	89,13	89,68	89,8	91,49	101,37	118,65	127,89	119,32	103	88,33	85,56	91,53	87,58	75,06	86,53	107,47	118,15	119,56	135,01	133,93	136,53	112,6	104,11	
5/3/2023	109,78	103,39	98,4	92,09	91,22	98,49	113,77	124,2	126,12	104,89	72,73	78,05	57,18	77,25	75,51	71,84	77,71	98,05	113,42	131,89	162,35	120,85	107,37	95,41	
5/2/2023	90,83	85,82	87,72	82,81	82,32	88,83	108,9	122,8	132,64	120,34	109,33	105,37	83,23	88,26	74,36	85,79	94,25	99,47	116,22	121,66	130,62	127,34	119,43	113,67	
5/1/2023	98,5	88,07	86,24	81,51	78,8	78,82	76,15	70	60,6	21,52	26,86	23,6	18,79	21,72	14,36	33,01	53,17	70,33	101,31	116,24	120,8	118,22	109,4	105,57	
4/30/2023	97,07	84,99	80,4	70,32	67,21	66,1	74,39	79,48	68,43	38,73	10,37	-4,57	8,13	-5,58	-5	-8,16	0,26	32,74	88,83	124,22	115,73	116,43	114,02	107,46	
4/29/2023	112,22	108,17	103,31	99,62	97,12	97,63	96,77	102,67	108,19	101,02	89,94	89,82	79	83,42	68,01	66,69	76,96	88,23	101,13	112,14	117,35	101,45	109,96	102,32	
4/28/2023	97,01	92,02	88,41	89,45	90,51	95,3	106,96	128,06	124,15	115,32	117,21	110,39	102,74	99,83	94,74	82,22	93,03	98,34	115,08	129,53	143,48	132,92	122,81	113,57	
4/27/2023	99,21	97,57	88,7	85,53	86,4	86,58	117,22	125,03	127,18	100,09	91,34	85,9	80,42	79,05	80,25	85,67	88,04	91,64	112,25	138,66	142,39	131,28	120,88	103,56	
4/26/2023	90,42	92,58	89,65	88,25	88,79	93,3	119,99	129,74	125,36	98,56	72,27	74,38	73,92	79,73	91,97	90,95	89,63	94,05	120,46	143,97	156,03	144,64	122,92	106,59	
4/25/2023	91,59	91,89	84,47	85,43	82,08	86,63	121,68	118,13	129,85	98,12	98,17	90,02	86,37	82,62	80,98	79,91	86,48	93,06	112,47	128,53	139,02	118,55	113,42	91,32	
4/24/2023	85,28	79,63	82,33	80,14	77,77	89,5	123,81	126,09	97,37	96,71	104,57	105,57	88,07	86,94	83,1	88,3	96,77	106,29	118,8	130,9	128,56	121,26	103,35	110,24	
4/23/2023	107,35	85,08	87,75	88,86	82,63	88,86	88,76	52,9	33,26	43,54	52,22	14,65	11,25	-13,8	-1,52	3,23	45,71	84,85	100,52	115,31	123,46	121,75	100,24	95,73	
4/22/2023	103,32	102,55	108,78	107,84	107,72	105,47	118,19	106,9	104,17	77,15	64,78	33,14	6,06	15,51	2,8	31,18	70,18	106,59	126,47	144	143,37	116,92	116,03	108,57	
4/21/2023	108,54	102,02	101,27	103,41	102,69	108,91	132,87	145,62	129,52	105,82	81,23	74,14	62,61	60,48	51,01	45,17	75,58	110,42	133,73	146,07	146,85	139,42	123,66	99,73	
4/20/2023	111,46	102,05	101,31	100,38	103,49	110,39	130,5	142,47	135,44	108,19	99,75	109,79	112,32	102,41	95,42	85,65	102,99	111,82	134,57	162,08	194,49	148,06	128,71	103,69	
4/19/2023	101,75	100,78	99,52	99,55	109,22	116,46	135,61	152,27	142,92	144,47	105,34	115,04	98,06	102,95	89,73	127,86	119,35	125,29	143,43	154,2	160,97	141,89	123,03	117,11	
4/18/2023	105,81	104,61	104,96	105,9	105,6	108,15	135,06	134,85	148,1	138,16	127,01	120,45	116,33	112,72	111,8	114,22	116,22	116,52	127,36	148,82	139,45	132,41	122,83	109,96	
4/17/2023	115,03	111,22	111,68	96,59	111,32	103,55	123,4	132,72	132,27	134,19	114,93	99,29	97,22	85,63	91,7	77,92	102,27	107,5	112,98	131,74	137,93	127,16	114,82	91,68	
4/16/2023	105,83	99,12	103,29	99,68	91,01	91,14	97,3	95,38	105,84	110,66	105,28	101,96	91,05	95,39	92,97	72,72	98,65	105,55	99,26	133,07	136,63	126,3	122,7	109,66	
4/15/2023	115,92	112,82	114,52	110,2	105,92	104,31	104,67	109,1	107,56	99,41	101,63	98,25	86,16	91,63	89,08	90,97	104,03	102,91	112,8	129,22	126,59	121,11	119,26	107,66	
4/14/2023	111,48	114,93	115,74	108,6	104,39	112,78	128,22	157,52	162,02	137,47	123,57	106,74	110,65	96,39	95,98	103,84	95,21	124,47	118,11	130,59	133,45	123,99	112,41	106,18	
4/13/2023	120,95	104,25	95,93	94,35	96,78	108,26	139,67	153,62	156,65	147,69	136,48	121,59	114,54	106,82	107,25	114,48	116,79	122,81	130,6	144,27	162,24	160,23	114,51	114,78	
4/12/2023	108,1	105,5	98,21	90,49	87,28	110,44	148,2	145,91	162,64	128,62	122,92	116,81	100,49	99,18	97,63	101,25	109,93	117,98	125,41	162,9	155,66	142,31	138,91	110,78	
4/11/2023	85,64	71,43	69,1	62,33	63,02	59,96	69,41	69,76	62,02	27,56	17,9	21,96	10,56	-3,95	2,1	2,75	-3,39	10,23	66,18	137,56	141,11	141,1	115,81	100,7	
4/10/2023	85,64	71,43	69,1	62,33	63,02	59,96	69,41	69,76	62,02	27,56	17,9	21,96	10,56	-3,95	2,1	2,75	-3,39	10,23	66,18	137,56	141,11	141,1	115,81	100,7	
4/9/2023	119,81	114,22	114,62	112,64	108,01	106,57	108,05	105,08	109,79	102,47	89,81	88,49	72,41	51,29	37,36	39,07	52,36	74,26	104,97	117,46	119,76	115,47	105,59	100,79	
4/8/2023	122,23	115,43	114,32	112,19	110,74	115,47	123,16	128,63	131,82	130	119,69	124,49	109,67	103,53	96,82	108,31	114,36	119,34	138,56	150,47	143,79	138	134,42	130,64	
4/7/2023	115,79	115,89	117,38	110,91	119,12	122,13	122,24	135,16	134,08	145,62	153,77	159,88	128,68	121,17	116,53	122,74	118,54	130,63	153,42	163,95	165,16	181,13	138,36	133,96	
4/6/2023	138,64	124,72	103,04	108,54	110,36	121,68	146,44	169,47	155,82	118,42	122,16	125,25	126,62	105,71	103,1	98,58	116,6	126,54	137,68	157,83	174,75	138,94	117,47	107,54	
4/5/2023	101,24	105,33	110,88	111,85	108,65	110,06	161,86	205,55	173,62	130,17	110,65	102,7	84,5	95,7	102,6	99,2	99,45	117,62	141,34	193,51	182,88	167,94	152,69	139,83	
4/4/2023	111,53	111,5	109,28	107,59	108,24	114,78	128,15	187,59	177,3	132,35	127,54	128,45	129,69	111,39	127,35	106,87	114,46	125,52	148,94	184,26	186,24	157,64	144,67	122,39	
4/3/2023	98,79	102,33	98,49	98,57	103,96	114,41	141,34	171,24	169,94	147,47	111,24	114,91	96,69	104,11	94,17	91,91	100,37	114,08	140,82	161,4	159,32	145,24	139,92	119,23	
4/2/2023	71,22	64,35	64,87	66,21	66,55	62,62	71,15	80,22	77,9	74,53	59,75	67,68	65,75	36,25	21,47	24,11	63,24	69,77	104,72	137,12	128,27	126,8	115,52	113,69	
4/1/2023	88,04	68,03	50,3	42,98	39,99	40,08	37,22	56,21	67,58	64,18	54,3	49,51	43,14	38,65	41,34	35,96	46,63	78,82	92,61	112,52	103,22	85,68	85,66	70,79	
3/31/2023	70,55	75,12	81,66	58,71	73,28	85,3	114,88	152,71	148,15	133,37	128,34	115,57	100,81	90,27	91,52	94,79	109,47	114,61	128,61	135,07	131,26	116,75	100,58	91,22	
3/30/2023	92,57	82,27	84,82	81,05	83,04	85,57	115,05	123,96	127,34	108,8	100,18	96,78	91,11	86,22	95,12	104,63	112,89	111,17	125,02	129,54	130,42	111,4	110,85	99,89	
3/29/2023	108,28	107,27	106,52	106,29	108,04	109,62	132,56	157,31	165,63	130,66	125,01	115,59	104,27	102,08	99	107,91	106,88	128,47	143,51	159,82	153,96	123,87	118,94	105,06	
3/28/2023	76,18	84,7	87,15	87,31	88,43	103,14	126,57	151,82	148,92	103,07	81,88	66,99	81,43	81,44	76,93	63	85,01	99,86	125,33	135,14	151,3	140,94	123,08	110,62	
3/27/2023	88,77	90,77	85,14	81,46	81,57	93,14	117,58	146,19	158,07	134,59	121,59	101,7	102,67	77,08	41,22	83,01	91,71	95,57	87,91	112,17	100,88	107,46	99,15	84,09	
3/26/2023	68,66	54,27	-	58,41	48,9	51,75	54,08	89,86	31,87	53,03	44,12	54,62	46,57	31,37	23,38	28,53	52,2	77,35	108,57	116,13	111,77	106,69	99,06	97,33	
3/25/2023	66,06	58,06	24,77	11,24	7,61	9,26	9,46	37,89	15,23	10,26	12,27	9,48	6,74	2,6	11,45	11,73	29,56	68,52	82,97	87,48	79,71	60,44	53,74	47,22	
3/24/2023	91,92	87,7	83,63	72,05	72,81	96,99	105,69	111,37	90,91	76,17	55,48	59,31	73,24	73,53	84,37	90,52	93,79	109,45	118,41	126,06	110,72	82,79	66,2	63,52	
3/23/2023	96,04	91,31	94,76	98,42	94,29	116,43	128,96	135,08	104,29	78,92	70,51	75,44	83,14	88,33	86,55	98,26	111,57	130,12	153,2	158	129,54	115,76	106,21	94,6	
3/22/2023	104,58	107,89	95,01	107,04	109,37	110,97	125,82	129,51	125,9	105,76	89,72	87,36	79,37	89,09	91	101,81	114,83	136,55	144,34	138,92	131,85	104,65	104,77	105,52	
3/21/2023	120,46	113,7	114,86	110,86	112,65	119,56	136,18	155,57	181,72	123,68	110,43	105,39	112,63	110,68	112,19	113,68	128,59	140,82	153,5	157,62	146,15	145,72	131,72	104,99	
3/20/2023	115,12	107,52	109,7	105,97	107,64	114,66	136,57	156,76	153,14	128,89	126,93	132,44	117,82	118,07	112,82	133,01	138,27	168,52	188,93	195,36	173,93	154,73	141,29	126,74	
3/19/2023	108,63	103,62	100,39	97,69	98,16	100,55	98,81	100,35	99,57	70,9	67,36	74,34	70,27	87,82	83,06	93,09	102,78	133,45	156,53	159,37	143,67	132,47	131,83	107,75	
3/18/2023	97,23	81,34	78,65	59,36	86,33	88,15	89,65	97,8	90,14	75,36	70,89	84,23	73,25	66,12	77,28	82,86	101,96	129,03	153	149,76	137,51	124,83	120,87	110,52	
3/17/2023	83,89	71,88	60,73	70,69	71,08	74,45	107,55	116,75	96,74	68,06	40,53	39,6	42,96	40,34	44,76	74,56	105,08	121,96	133,8	147	142,08	129,52	134,77	101,24	
3/16/2023	110,77	114,21	100,2	87,96	89,67	112,59	124,99	126,73	124,62	102,52	88,53	73,49	71,44	65,94	71,98	75,57	94,91	115,81	102,19	118,15	114,93	96,69	89,87	88,7	
3/15/2023	126,82	121,85	132,09	121,37	115,22	124,05	145,04	164,86	163,1	127,06	111,64	118,88	109,12	106,39	103,37	112,56	125,8	157,6	190,9	209,29	173,78	154,17	159,31	153,02	
3/14/2023	6,15	0,57	-1,68	-3,44	2,32	60,81	116,13	131,44	127,45	97,9	75,86	68,93	49,86	75,36	92,1	106,54	148,36	173,11	186,16	174,22	160,08	139,21	129,02	128,76	
3/13/2023	76,09	51,36	33,63	33,74	69,91	105,28	142,92	130,3	133,24	84,65	88,77	63,23	80,07	82	77,95	94,33	124,29	135,18	127,76	135,57	112,57	73,03	42,96	41,25	
3/12/2023	112,07	104,14	102,26	93,32	87,3	87,64	84,24	104,27	102,74	93	83,83	86,14	80,6	58,72	57,13	69,82	71,87	102,85	133,24	137,42	117,35	88,04	89,47	89,24	
3/11/2023	71,02	77,23	81,28	84,74	84,95	94,08	104,82	106,83	113,77	96,36	92,59	85,94	78,02	63,56	62,14	97,5	101,26	130,09	151,64	140,57	132,67	121,53	121,97	123,98	
3/10/2023	109,92	99,31	95,67	89,7	90,49	108,18	131,14	144,25	147,89	135,16	119,59	108,06	108,73	108	112,45	110,79	118,39	129,65	145,82	144,24	141,26	120,75	95,33	77,16	
3/9/2023	121,41	115,47	114,69	111,44	111,51	117,46	144,53	154,25	158,44	144,17	146,27	141,14	137,99	132,64	126,06	126,64	131,19	146,44	163,63	169,32	147,32	133,15	123,79	113,21	
3/8/2023	111,55	114,47	116,34	121,74	115,98	121,13	138,32	167,6	158,08	150,73	145,84	138,02	129,68	129,68	135,49	142,5	141,56	149,17	159,93	155,31	149,45	149,86	130,03	115,91	
3/7/2023	117,35	112,3	103,84	101,37	110,8	134,67	144,84	169,36	208,18	127,12	132,82	137,31	123,31	118,28	116,69	134,55	146,29	154,36	158,11	158,29	151,11	184,03	125,41	144,44	
3/6/2023	142,2	126,7	123,87	125,3	127,96	152,62	166,96	211,3	226,14	203,35	176,67	159,44	152,96	155,97	153,1	155,33	172,66	166,46	193,73	175,75	159,49	131,33	118,01	105,53	
3/5/2023	101,65	103,27	99,06	101,21	98,63	95,97	103,3	110,74	114,28	125,2	131,81	130,62	134,41	113,15	108,36	123,68	112,79	162,7	170,11	169,85	163,36	151,26	155,88	140,79	
3/4/2023	125,29	110,24	108,39	111,37	118,62	111,7	114,6	142,64	130,74	130,63	113,14	110,08	85,95	83,27	96,26	106,71	115,51	140,28	149,79	153,88	149,93	136,5	139,15	111,57	
3/3/2023	146,15	136,02	127,95	134,28	133,1	139,22	163,13	187,75	211,62	177,6	172,03	156,37	145,94	136,56	146,25	153,22	158,78	172,65	169,11	177,64	179,44	150,22	136,04	126,24	
3/2/2023	126,1	125,47	127,22	127,14	126,45	145,67	166,7	179,95	184,19	196,96	156,3	150,57	143,61	139,59	149,63	146,87	153,28	172,73	185,99	183,97	174,89	162,52	152,63	139,23	
3/1/2023	136,79	133,78	129,28	130	129,72	139,91	164,49	174,68	175,57	160,06	158,39	136,2	127,23	126,57	138,73	150,41	158,83	177,28	181,22	186,08	170,44	154,8	141,92	141,69	
2/28/2023	133,96	129,15	125,15	147,81	136,24	140,94	162,53	186,5	182,93	161,9	164,38	148,93	151,94	148,23	139,4	146,9	158,77	173,68	190,55	183,95	180,44	155,43	155,94	132,47	
2/27/2023	115,97	112,55	123,93	121,96	123,13	127,83	157,22	159,97	160,19	141,15	122,88	140,24	141,82	137,37	135,36	136,47	155,58	171,46	187,79	187	172,73	155,51	152,81	144,89	
2/26/2023	106,6	94,83	78,68	84,01	92,9	99,92	88,4	82,88	94	94,58	90,29	75,59	75,85	43,03	34,54	52,63	89,58	125,04	149,32	146,56	139,87	136,28	135,35	125,36	
2/25/2023	96,59	95,38	94,79	91,8	95,13	92,01	88,8	98,32	100,41	105,94	105,62	92,9	84,96	85,17	87,11	91,02	101,46	123	136,24	125,57	114,86	109,97	116,14	114,51	
2/24/2023	139,13	126,9	131,63	118,62	114,94	124,36	153,32	158,27	156,29	156,7	150,46	148,24	136,25	127,76	128,51	139,27	144,88	155,54	175,83	154,99	154,82	125,25	116,92	91,54	
2/23/2023	132,37	122,95	130,24	124,8	126,09	133,97	157,15	169	175,62	168,83	166,17	161,61	151,14	150,9	158,18	155,77	155,27	163,48	171,47	173,93	162,89	154,42	149,13	138,55	
2/22/2023	137,89	124,87	109,06	116,19	114,64	141,1	168,29	177,45	177,84	204,53	171,54	155,76	155,59	159,44	152,06	158,1	162,82	169,67	190,93	190,39	167,55	157,22	152,49	145,74	
2/21/2023	63,65	72,9	60,82	71,61	77,44	83,11	142,85	166,63	155,41	125,81	101,81	123,32	87,75	82,31	116,95	115,33	147,76	173,83	168,16	164,63	154,32	153,65	153,11	145,87	
2/20/2023	77,88	43,41	43,42	31,46	49,26	105,72	177,95	181,77	160,72	158,15	89,85	79,1	73,17	71,55	70,46	110,6	124,14	153,52	155,76	148,31	125,66	89,95	90,65	67,56	
2/19/2023	99,14	90,21	86,91	84,02	82,2	94,75	101,59	91,61	103,54	106,74	107,65	115,12	105,36	87,59	87,31	107,86	115,38	134,62	159,26	151,77	117,69	101,16	98,1	78,16	
2/18/2023	93,63	107,97	104,3	80,51	85,21	90,9	101,43	107,67	102,56	113,21	127,91	132,1	96,15	85,63	93,62	106,14	125,32	132,85	153,9	139,99	140,29	109,25	114,62	109,51	
2/17/2023	116,98	113,8	131,36	127,93	130,83	158,2	169,2	189,21	194,71	166,19	153,79	151,76	146,95	142,1	133,93	135,49	136,64	193,71	174,09	183,77	158,81	149,67	152,08	141,29	
2/16/2023	151,25	145,47	145,7	142,1	144,62	151,88	174,79	208,83	185,83	176,03	156,61	142,32	130,99	143,22	153,47	175,28	176,94	186,51	193,99	198,33	191,57	181,78	160,83	146,2	
2/15/2023	133,04	131,38	130,17	129,09	133,34	146,82	164,26	179,45	195,1	169,17	145,69	147,42	138,99	136,68	138,29	148,82	153,74	157,44	176,36	164,65	159,89	153,74	162,17	147,51	
2/14/2023	137,53	132,98	132,15	131,79	132,29	142,12	187,57	192,79	197,97	175,01	155,73	154,66	141,55	144,81	148,5	165,3	168,55	173,41	192,59	185,43	165,71	133,24	147,94	126,43	
6/7/2020	-	-	-	-	-	8,9	-	-	-	-	-	-	22,75	19,74	22,3	23,34	19,17	19,94	21,04	26,05	22,95	28,82	27,88	-	
6/6/2020	13,84	18	5,14	13,51	11,88	2,57	13,7	12,17	15,37	15,61	36,07	26,9	18,88	11,53	6,68	13,06	28	37,19	43,94	58,07	65,09	65,91	-	30,83	
6/5/2020	-	-	-	-	-	-	27,51	-	32	35,04	31,8	41,54	33,16	29,98	24,65	22,04	18,92	21,55	21,67	29,29	26,07	23,54	17,84	12,77	
6/4/2020	23,22	24,24	22,85	22,82	21,42	24,24	25	-	-	33,4	37,39	44,72	70	99	82	70	-	54,99	35,99	39,63	38,55	29,96	24,12	18,46	
